{
 "cells": [
  {
   "cell_type": "code",
   "execution_count": 23,
   "metadata": {},
   "outputs": [
    {
     "name": "stdout",
     "output_type": "stream",
     "text": [
      "\u001b[4l\u001b[0m s  = \n",
      "  S\n",
      "\u001b[0m\u001b[4l\u001b[0m h  = \n",
      "   0.01\n",
      "\u001b[0m"
     ]
    }
   ],
   "source": [
    "s = poly(0, \"S\")\n",
    "h = 0.01"
   ]
  },
  {
   "cell_type": "code",
   "execution_count": 24,
   "metadata": {},
   "outputs": [
    {
     "name": "stdout",
     "output_type": "stream",
     "text": [
      "\u001b[4l\u001b[0m Tkr  = \n",
      "   12.8\n",
      "\u001b[0m\u001b[4l\u001b[0m Kkr  = \n",
      "   1.18\n",
      "\u001b[0m\u001b[4l\u001b[0m Ti  = \n",
      "   6.4\n",
      "\u001b[0m\u001b[4l\u001b[0m Td  = \n",
      "   1.6\n",
      "\u001b[0m\u001b[4l\u001b[0m Tc  = \n",
      "   0.2\n",
      "\u001b[0m\u001b[4l\u001b[0m T0  = \n",
      "   1.17\n",
      "\u001b[0m\u001b[4l\u001b[0m n  = \n",
      "   6.\n",
      "\u001b[0m\u001b[4l\u001b[0m w1  = \n",
      "                                     1.416 +9.3456S +16.31232S^2                                    \n",
      "   -----------------------------------------------------------------------------------------------  \n",
      "   6.4S +46.208S^2 +140.4S^3 +231.28934S^4 +220.89446S^5 +120.16864S^6 +33.255052S^7 +3.2834102S^8  \n",
      "\u001b[0m\u001b[4l\u001b[0m w  = \n",
      "                                         0.4312602 +2.8463167S +4.968103S^2                                        \n",
      "   --------------------------------------------------------------------------------------------------------------  \n",
      "   0.4312601 +4.7955161S +19.041311S^2 +42.760494S^3 +70.441889S^4 +67.275978S^5 +36.598744S^6 +10.128207S^7 +S^8  \n",
      "\u001b[0m"
     ]
    }
   ],
   "source": [
    "Tkr = 12.8\n",
    "Kkr = 1.18\n",
    "Ti = Tkr / 2\n",
    "Td = Ti / 4\n",
    "Tc = Td / 8\n",
    "T0 = 1.17\n",
    "n = 6\n",
    "w1 = (1 + 1 / (Ti*s) + Td * s / (1 + Tc * s)) * (Kkr * 0.6) * (2/(1 + T0 * s)^n)\n",
    "w = w1 / (1 + w1)"
   ]
  },
  {
   "cell_type": "code",
   "execution_count": 25,
   "metadata": {},
   "outputs": [
    {
     "name": "stdout",
     "output_type": "stream",
     "text": [
      "\u001b[4l\u001b[0m\u001b[0m\u001b[4l\u001b[0m\u001b[0m\u001b[4l\u001b[0m Ad  = \n",
      "   1.0018206   0.0033276  -0.0000127  -8.114D-08  -8.101D-10  -1.274D-11  -6.975D-16  -1.178D-19\n",
      "  -0.0003813   1.0019655  -0.0076203  -0.0000733  -0.000001   -1.912D-08  -1.257D-12   4.794D-17\n",
      "  -0.0000423   0.0006382   1.001656    0.0192626   0.0003845   0.00001     8.230D-10  -3.903D-14\n",
      "   0.000003   -0.0001145  -0.0002993   1.00026     0.0399295   0.001545    0.0000002  -1.010D-11\n",
      "   0.000233    0.0002943  -0.0004057  -0.0008401   0.9982283   0.0760351   0.0000127  -1.006D-09\n",
      "   0.005717    0.0069857  -0.0105927  -0.0201202  -0.0438886   0.901957    0.0003112  -3.739D-08\n",
      "   0.0005436   0.0024884   0.005254   -0.0049174   0.0018343  -0.0002642   0.9977674  -0.0002358\n",
      "   0.0016193   0.0001744  -0.0023161   0.0019357  -0.0005872   0.000065    0.0036755   0.9965111\n",
      "\u001b[0m"
     ]
    }
   ],
   "source": [
    "sys = syslin('c', w);\n",
    "sysd = dscr(sys, h);\n",
    "Ad = sysd.A"
   ]
  },
  {
   "cell_type": "code",
   "execution_count": 26,
   "metadata": {},
   "outputs": [
    {
     "name": "stdout",
     "output_type": "stream",
     "text": [
      "\u001b[4l\u001b[0m\u001b[0m\u001b[4l\u001b[0m H  = \n",
      "   4512.3417   3004.5012  -2171.017   -1894.3737  -1796.3492  -1281.8081  -72.815359   54.081455\n",
      "   3004.5012   4063.309   -3045.9873  -3097.0833  -3181.1411  -2403.7964   306.69248   57.608303\n",
      "  -2171.017   -3045.9873   2956.8336   3068.4337   3277.3685   2522.087    36.23635   -32.835088\n",
      "  -1894.3737  -3097.0833   3068.4337   3399.8681   3698.5982   2873.823   -38.54649   -36.92086 \n",
      "  -1796.3492  -3181.1411   3277.3685   3698.5982   4135.8883   3241.617   -7.1790327  -36.796252\n",
      "  -1281.8081  -2403.7964   2522.087    2873.823    3241.617    2565.8707   0.4582568  -28.219243\n",
      "  -72.815359   306.69248   36.23635   -38.54649   -7.1790327   0.4582568   344.82345   73.050659\n",
      "   54.081455   57.608303  -32.835088  -36.92086   -36.796252  -28.219243   73.050659   138.63813\n",
      "\u001b[0m\u001b[4l\u001b[0m s  = \n",
      "   7.9277399\n",
      "   25.589524\n",
      "   67.804352\n",
      "   132.97356\n",
      "   256.53138\n",
      "   827.86051\n",
      "   3470.2221\n",
      "   17328.664\n",
      "\u001b[0m"
     ]
    }
   ],
   "source": [
    "I = eye(Ad);\n",
    "H = lyap(Ad, -I, 'd')\n",
    "s = spec(H)"
   ]
  },
  {
   "cell_type": "code",
   "execution_count": 27,
   "metadata": {},
   "outputs": [
    {
     "name": "stdout",
     "output_type": "stream",
     "text": [
      "\u001b[4l\u001b[0m ans  =\n",
      "   17694.609\n",
      "\u001b[0m"
     ]
    }
   ],
   "source": [
    "norm(s, 2)"
   ]
  }
 ],
 "metadata": {
  "kernelspec": {
   "display_name": "Scilab",
   "language": "scilab",
   "name": "scilab"
  },
  "language_info": {
   "file_extension": ".sci",
   "help_links": [
    {
     "text": "MetaKernel Magics",
     "url": "https://metakernel.readthedocs.io/en/latest/source/README.html"
    }
   ],
   "mimetype": "text/x-scilab",
   "name": "scilab",
   "version": "0.10.0"
  }
 },
 "nbformat": 4,
 "nbformat_minor": 2
}
